Positions (Angstrom)

1  18.21  6.69
2  18.98  18.61
3  2.11  13.90
4  4.85  3.55
5  6.14  10.61
6  12.09  9.97
7  11.33  3.48
8  12.71  17.73
9  10.21  14.26
11  0.05  2.74
10  15.66  14.74
12  6.58  17.66
13  14.70  1.21
14  8.20  6.25
15  19.03  11.29
16  2.06  7.83

Velocities (Angstrom/picosecond)

1 0.26 1.28
2 -1.55 0.29
3 -0.72 4.23
4 0.65 -1.69
5 0.86 -2.02
6 1.28 -2.08
7 -2.05 -2.04
8 -3.49 -1.95
9 2.56 3.81
10 2.27 2.89
11 3.12 3.02
12 3.30 -0.58
13 -2.69 -3.48
14 1.05 -3.91
15 -3.48 -0.97
16 -1.34 3.22
